basePSI = 14.7;
%%
P = 0.2;
I = 0.2;
D = 0.001;